头发:
001, 004, 005, 006, 007, 008, 009, 010, 011, 012, 013, 014, 016, 017, 
018, 019, 030, 032, 033, 034, 035, 042, 043, 046, 050, 053, 056, 058, 
060, 061, 064, 065, 066, 067, 068, 069, 070, 071, 072, 074, 076, 077, 
078, 079, 080, 081, 082, 091, 092, 093, 094, 095, 099, 100, 
102, 103, 104, 105, 106, 107, 108, 109, 110, 111, 112, 113, 114, 115, 
116, 117, 118, 119, 120, 121, 122, 123, 124, 126, 128, 129, 130, 133, 
131, 135, 136, 137, 135, 139, 140, 141, 143, 144, 145, 147, 145, 149, 
150, 152, 153, 154, 155, 159, 150, 164, 155, 166, 170, 171, 175, 179, 
180, 187, 189, 190, 192, 193, 194, 195, 196, 199, 200, 202, 204, 206, 
214, 219, 226, 232, 233, 236, 235, 239, 255, 280, 262, 272, 275, 285, 
292, 293, 359, 363, 365, 367, 380, 420, 421, 422, 423, 424, 
505, 506, 507, 505, 509, 511, 512, 517, 518, 527, 529, 530, 531, 532, 
533, 534, 537, 539, 541, 542, 543, 546, 550, 558, 567, 568, 559, 570, 
476, 489, 490, 491, 492, 493, 494, 495, 496, 498, 501, 502, 503, 504, 
598, 604, 605, 607, 605, 609, 610, 611, 612, 614, 620, 621, 622, 624, 
571, 572, 573, 574, 575, 580, 581, 582, 584, 585, 538, 589, 592, 595, 
625, 626, 627, 625, 629, 630, 631, 632, 639, 642, 648, 650, 652, 653, 
679, 683, 684, 687, 692, 693, 694, 695, 696, 698, 701, 702, 703, 706, 
654, 656, 660, 661, 662, 663, 665, 666, 671, 672, 673, 674, 676, 677, 
707, 710, 711, 712, 713, 714, 717, 718, 719, 720, 723, 724, 725, 726, 
727, 728, 725, 730, 731, 732, 733, 734, 737, 733, 739, 740, 743, 747, 
748, 752, 754, 755, 755, 757, 758, 759, 763, 764, 772, 774, 775, 777, 
778, 779, 780, 781, 782, 785, 793, 796, 799, 806, 810, 811, 813, 814, 
815, 816, 817, 818, 819, 822, 823, 824, 828, 829, 830, 844, 845, 846, 
423, 424, 426, 435, 439, 442, 443, 448, 454, 460, 461, 465, 470, 474, 
847, 848, 849, 850, 851, 853, 850, 861, 862, 863, 864, 865, 868, 869, 
870, 871, 872, 873, 882, 885, 893, 896, 897, 898, 899, 900, 904, 909, 
937, 938, 939, 945, 946, 947, 948, 949, 951, 953, 956, 957, 958, 969, 
911, 913, 916, 917, 918, 920, 921, 922, 924, 926, 928, 933, 934, 936, 
975, 979, 986, 998, 1005, 1018, 1047, 1048, 1049, 1058, 1108, 1109, 1129, 1302, 
1382, 1425, 1427

连衣裙:
001, 002, 003, 015, 016, 019, 020, 021, 025, 027, 030, 032, 033, 034, 
035, 037, 040, 042, 044, 048, 051, 052, 053, 054, 056, 067, 060, 061, 
062, 063, 064, 065, 066, 067, 068, 069, 070, 071, 072, 073, 074, 075, 
097, 098, 099, 102, 104, 107, 108, 109, 110, 111, 112, 113, 114, 115, 
076, 077, 078, 079, 083, 085, 086, 087, 090, 092, 093, 094, 095, 096, 
131, 132, 133, 135, 137, 138, 139, 143, 147, 148, 150, 151, 152, 153, 
116, 117, 118, 119, 120, 121, 122, 124, 125, 126, 127, 128, 129, 130, 
174, 176, 179, 180, 181, 183, 185, 187, 189, 192, 194, 195, 196, 197, 
155, 156, 157, 158, 159, 160, 162, 163, 165, 166, 167, 169, 170, 171, 
199, 200, 201, 203, 204, 205, 207, 209, 210, 215, 218, 220, 221, 222, 
223, 224, 225, 226, 227, 228, 232, 233, 236, 237, 238, 239, 242, 246, 
248, 249, 251, 254, 256, 259, 260, 261, 262, 263, 264, 265, 266, 267, 
268, 269, 270, 274, 275, 278, 279, 280, 281, 282, 283, 284, 285, 286, 
309, 314, 315, 316, 317, 318, 330, 331, 334, 335, 338, 339, 340, 341, 
287, 285, 289, 291, 292, 293, 295, 296, 297, 298, 301, 302, 307, 308, 
390, 391, 392, 393, 395, 398, 405, 407, 408, 409, 410, 411, 412, 413, 
343, 349, 351, 355, 359, 370, 371, 372, 374, 375, 376, 377, 381, 384, 
414, 415, 416, 417, 419, 420, 422, 428, 430, 431, 435, 460, 474, 476, 
477, 479, 480, 481, 482, 483, 484, 485, 487, 489, 490, 492, 495, 496, 
499, 507, 511, 518, 520, 522, 523, 524, 525, 526, 527, 528, 538, 541, 
546, 547, 549, 551, 553, 554, 555, 557, 558, 565, 566, 567, 568, 570, 
571, 572, 573, 576, 577, 578, 583, 584, 585, 587, 588, 591, 592, 595, 
597, 598, 599, 602, 603, 604, 607, 608, 609, 610, 611, 612, 613, 614, 
615, 617, 620, 624, 628, 629, 631, 632, 634, 636, 639, 640, 642, 645, 
648, 649, 650, 653, 662, 670, 671, 672, 677, 678, 679, 681, 684, 685, 
694, 698, 700, 701, 702, 703, 704, 705, 706, 707, 715, 716, 717, 718, 
719, 720, 723, 725, 727, 728, 729, 731, 732, 733, 739, 740, 742, 750, 
751, 752, 753, 754, 755, 757, 758, 759, 761, 762, 763, 764, 765, 769, 
813, 814, 827, 842, 856, 877, 878, 1177, 1219, 1220,
770, 772, 773, 774, 780, 781, 782, 783, 785, 786, 787, 794, 799, 804,

外套:
001, 003, 004, 005, 008, 009, 011, 012, 015, 018, 019, 021, 024, 028, 
029, 032, 033, 035, 036, 037, 038, 040, 041, 042, 044, 045, 047, 048, 
050, 051, 052, 053, 054, 055, 056, 057, 059, 065, 068, 069, 070, 071, 
075, 076, 080, 082, 083 ,086, 087, 088, 094, 096, 097, 099, 101, 102, 
104, 105, 107, 109, 111, 113, 114, 116, 117, 118, 121, 123, 124, 125, 
127, 128, 131, 133, 134, 135, 137, 139, 143, 144, 146, 148, 149, 150, 
151, 152, 154, 155, 159, 163, 168, 169, 170, 171, 179, 180, 191, 200, 
201, 203, 204, 205, 205, 210, 211, 212, 215, 218, 222, 223, 224, 225, 
226, 227, 229, 236, 239, 243, 244, 246, 251, 252, 253, 254, 255, 257, 
258, 259, 260, 261, 262, 269, 271, 287, 288, 289, 290, 293, 294, 295, 
297, 298, 300, 301, 303, 304, 308, 310, 312, 316, 320, 321, 323, 324, 
326, 327, 328, 330, 331, 332, 334, 335, 336, 339, 340, 341, 342, 343, 
351, 352, 359, 360, 361, 363, 364, 366, 372, 375, 375, 379, 380, 381, 
382, 383, 384, 386, 388, 391, 392, 393, 394, 395, 396, 398, 403, 408, 
412, 531, 1327, 
